            traingd		traingda		traingdm		trainrp
CLEAN tree	h1				h3					h5					h7
NOISY tree	h2				h4					h6					h8


h1 =

     1


p1 =

   8.7763e-05


ci1 =

    0.0495    0.0999


stats1 = 

    tstat: 6.7077
       df: 9
       sd: 0.0352


h2 =

     1


p2 =

   2.3288e-04


ci2 =

    0.0535    0.1203


stats2 = 

    tstat: 5.8867
       df: 9
       sd: 0.0467


h3 =

     1


p3 =

   9.3795e-05


ci3 =

    0.0500    0.1015


stats3 = 

    tstat: 6.6495
       df: 9
       sd: 0.0360


h4 =

     1


p4 =

    0.0070


ci4 =

    0.0251    0.1186


stats4 = 

    tstat: 3.4789
       df: 9
       sd: 0.0653


h5 =

     1


p5 =

   8.6079e-04


ci5 =

    0.0332    0.0903


stats5 = 

    tstat: 4.8889
       df: 9
       sd: 0.0399


h6 =

     1


p6 =

   6.1315e-04


ci6 =

    0.0565    0.1454


stats6 = 

    tstat: 5.1377
       df: 9
       sd: 0.0621


h7 =

     1


p7 =

   1.2305e-05


ci7 =

    0.0594    0.1019


stats7 = 

    tstat: 8.6052
       df: 9
       sd: 0.0296


h8 =

     1


p8 =

    0.0029


ci8 =

    0.0356    0.1262


stats8 = 

    tstat: 4.0430
       df: 9
       sd: 0.0633
