lr = 0.05

for inc 1.01:0.01:1.1
  for dec 0.5:0.1:0.9

avg_confusion_matrix =

    9.1000    1.4000    0.5000    0.6000    1.2000    0.4000
    1.3000   15.4000    0.5000    1.1000    1.1000    0.4000
    0.5000    0.4000    8.0000    0.5000    0.2000    2.3000
    0.1000    0.5000         0   20.8000         0    0.2000
    1.6000    2.1000    0.6000    0.7000    6.9000    1.3000
         0    0.1000    0.7000    0.4000    0.3000   19.2000


avg_confusion_matrix =

    8.4000    1.4000    0.5000    0.8000    1.8000    0.3000
    0.8000   15.3000    0.4000    1.5000    1.7000    0.1000
    0.3000    0.8000    7.8000    0.2000    0.6000    2.2000
         0    0.3000    0.1000   20.6000    0.1000    0.5000
    1.3000    2.7000    0.3000    0.9000    7.4000    0.6000
         0    0.1000    0.7000    0.6000    0.4000   18.9000


avg_confusion_matrix =

    7.6000    2.3000    0.7000    1.2000    1.2000    0.2000
    1.1000   15.5000    0.5000    1.0000    0.7000    1.0000
    0.7000    1.1000    5.8000    0.7000    0.4000    3.2000
    0.1000    0.8000    0.1000   20.1000    0.3000    0.2000
    2.5000    3.3000    0.7000    0.7000    5.1000    0.9000
    0.6000    0.5000    1.3000    0.5000    0.3000   17.5000


avg_confusion_matrix =

    6.6000    2.5000    1.0000    1.0000    1.5000    0.6000
    1.2000   15.2000    0.6000    1.3000    0.8000    0.7000
    0.5000    1.3000    5.0000    1.4000    0.5000    3.2000
    0.2000    0.9000    0.7000   19.2000    0.1000    0.5000
    2.0000    4.9000    0.8000    0.9000    3.2000    1.4000
    0.5000    0.4000    1.0000    0.7000    0.3000   17.8000


avg_confusion_matrix =

    7.0000    1.4000    1.7000    0.3000    1.5000    1.3000
    1.7000   14.2000    0.4000    1.1000    1.1000    1.3000
    1.4000    0.7000    6.0000    0.5000    0.4000    2.9000
    0.7000    1.3000         0   19.0000    0.1000    0.5000
    2.5000    3.9000    1.1000    0.6000    4.0000    1.1000
    0.1000    0.8000    0.9000    0.8000    0.4000   17.7000


avg_confusion_matrix =

    7.5000    1.9000    0.7000    0.5000    1.8000    0.8000
    1.1000   15.0000    0.6000    1.3000    1.3000    0.5000
    0.8000    0.5000    7.3000    0.8000    0.8000    1.7000
    0.2000    0.6000    0.2000   20.2000         0    0.4000
    1.6000    3.4000    1.0000    1.0000    5.3000    0.9000
         0    0.6000    0.8000    1.1000    0.2000   18.0000


avg_confusion_matrix =

    5.7000    2.7000    0.8000    1.1000    2.5000    0.4000
    1.6000   15.2000    0.5000    1.3000    0.7000    0.5000
    0.8000    1.2000    6.5000    0.5000    0.2000    2.7000
    0.4000    1.2000    0.2000   18.6000    0.2000    1.0000
    1.8000    3.9000    0.6000    1.1000    4.8000    1.0000
    0.1000    0.7000    1.5000    0.3000    0.5000   17.6000


avg_confusion_matrix =

    5.8000    2.6000    0.8000    1.4000    1.3000    1.3000
    1.5000   14.6000    0.7000    1.0000    1.2000    0.8000
    0.5000    1.2000    4.9000    1.0000    0.8000    3.5000
    0.2000    0.9000    0.5000   18.4000    0.2000    1.4000
    1.4000    4.1000    0.6000    1.5000    3.9000    1.7000
    0.3000    0.7000    1.8000    1.1000    0.5000   16.3000


avg_confusion_matrix =

    5.1000    2.0000    0.9000    1.5000    2.4000    1.3000
    1.3000   12.6000    1.4000    1.0000    2.2000    1.3000
    0.9000    0.9000    3.7000    0.9000    0.9000    4.6000
    0.7000    0.9000    0.5000   18.5000    0.4000    0.6000
    1.2000    3.3000    1.0000    0.5000    5.2000    2.0000
    0.7000    0.6000    1.6000    1.6000    1.1000   15.1000


avg_confusion_matrix =

    4.1000    2.5000    1.2000    1.7000    2.9000    0.8000
    2.1000   10.1000    1.3000    2.8000    2.9000    0.6000
    1.5000    1.1000    3.0000    0.9000    0.8000    4.6000
    0.9000    1.0000    0.7000   16.7000    1.0000    1.3000
    1.7000    3.4000    1.0000    1.1000    3.8000    2.2000
    0.4000    1.5000    1.1000    1.5000    1.4000   14.8000


avg_confusion_matrix =

    6.5000    2.3000    1.9000    0.9000    0.8000    0.8000
    1.4000   14.3000    0.6000    0.7000    1.0000    1.8000
    0.7000    0.4000    5.5000    1.2000    0.8000    3.3000
    0.3000    1.3000    1.1000   17.4000    0.4000    1.1000
    1.9000    3.0000    1.0000    1.1000    4.4000    1.8000
    0.5000    0.3000    0.7000    1.7000    0.5000   17.0000


avg_confusion_matrix =

    6.3000    2.4000    0.8000    1.0000    1.3000    1.4000
    0.9000   14.5000    0.3000    0.8000    2.0000    1.3000
    1.1000    1.2000    6.6000    0.8000    0.3000    1.9000
    0.4000    1.7000    0.4000   17.6000    0.5000    1.0000
    1.2000    4.2000    0.5000    1.2000    4.2000    1.9000
    0.4000    0.5000    0.7000    1.0000    0.6000   17.5000


avg_confusion_matrix =

    4.2000    2.5000    2.0000    1.5000    1.6000    1.4000
    1.3000   13.3000    0.4000    0.8000    3.0000    1.0000
    0.3000    1.5000    4.3000    0.9000    1.8000    3.1000
    0.5000    1.6000    0.4000   16.5000    0.8000    1.8000
    2.5000    3.0000    1.1000    1.5000    4.1000    1.0000
    0.1000    1.1000    1.2000    1.4000    1.6000   15.3000


avg_confusion_matrix =

    5.5000    1.8000    1.4000    1.8000    1.9000    0.8000
    1.4000   12.3000    1.1000    2.6000    1.5000    0.9000
    0.6000    1.5000    3.3000    1.9000    0.4000    4.2000
    0.5000    0.9000    0.3000   18.8000    0.6000    0.5000
    1.4000    3.5000    0.9000    2.1000    4.1000    1.2000
    0.5000    1.1000    1.3000    1.5000    0.7000   15.6000


avg_confusion_matrix =

    4.0000    1.8000    1.5000    2.5000    1.4000    2.0000
    2.5000    7.1000    1.9000    2.4000    3.6000    2.3000
    1.1000    1.0000    2.5000    1.5000    2.9000    2.9000
    2.0000    1.4000    1.7000   12.2000    2.0000    2.3000
    1.7000    2.0000    0.6000    2.8000    3.6000    2.5000
    0.9000    0.8000    1.7000    1.5000    1.3000   14.5000


avg_confusion_matrix =

    5.3000    3.2000    1.2000    1.2000    1.1000    1.2000
    0.8000   13.8000    0.9000    1.7000    1.5000    1.1000
    1.0000    1.6000    5.2000    0.6000    0.2000    3.3000
    0.3000    1.3000    1.0000   17.7000    0.5000    0.8000
    1.6000    4.6000    1.2000    0.7000    4.0000    1.1000
    0.6000    0.5000    1.4000    1.0000    0.4000   16.8000


avg_confusion_matrix =

    5.3000    3.0000    0.6000    1.5000    2.0000    0.8000
    1.1000   14.5000    0.2000    1.3000    2.0000    0.7000
    0.4000    1.0000    5.6000    1.3000    1.0000    2.6000
    0.3000    0.5000    0.1000   19.4000    0.3000    1.0000
    1.4000    3.9000    0.7000    1.4000    4.7000    1.1000
    0.2000    0.7000    0.7000    1.1000    0.8000   17.2000


avg_confusion_matrix =

    5.3000    2.7000    0.8000    1.2000    2.3000    0.9000
    1.4000   14.2000    0.7000    2.0000    0.8000    0.7000
    0.3000    2.5000    3.8000    0.8000    0.7000    3.8000
    1.6000    1.9000    0.5000   16.4000    0.5000    0.7000
    1.1000    5.7000    1.0000    2.0000    2.7000    0.7000
    0.3000    2.0000    2.1000    1.7000    0.7000   13.9000


avg_confusion_matrix =

    4.7000    2.6000    0.4000    1.8000    2.4000    1.3000
    1.8000   10.8000    1.7000    2.3000    2.5000    0.7000
    1.2000    1.5000    3.3000    1.8000    0.9000    3.2000
    0.4000    1.6000    0.5000   17.2000    0.8000    1.1000
    2.2000    3.0000    0.8000    2.0000    3.7000    1.5000
    1.2000    1.5000    2.1000    3.2000    0.9000   11.8000


avg_confusion_matrix =

    3.7000    3.0000    1.2000    1.4000    2.3000    1.6000
    1.3000    8.9000    1.2000    4.4000    2.5000    1.5000
    1.3000    1.2000    2.6000    2.8000    1.6000    2.4000
    1.3000    2.5000    0.7000   15.4000    1.2000    0.5000
    2.0000    2.8000    0.6000    3.6000    2.6000    1.6000
    0.4000    2.5000    3.0000    4.3000    1.0000    9.5000


